v 0.12257588360909066 1.01119239630424973 1.7026650346142924
v 0.12257588360909066 1.01119239630424973 1.7026650346142924
v 0.12257588360909066 1.01119239630424973 1.7026650346142924
v 0.13377959416917262 2.42137731499592904 0.28447855505858132
v 0.13377959416917262 2.42137731499592904 0.28447855505858132
v 0.13377959416917262 2.42137731499592904 0.28447855505858132
v -1.41397242304927536 0.10945713457841366 0.7938786631858336
v -1.41397242304927536 0.10945713457841366 0.7938786631858336
v -1.41397242304927536 0.10945713457841366 0.7938786631858336
v -1.40276871248919344 1.51964205327009296 -0.62430781636987744
v -1.40276871248919344 1.51964205327009296 -0.62430781636987744
v -1.40276871248919344 1.51964205327009296 -0.62430781636987744
v 1.40276871248919344 -0.08345454754804704 0.62430781636987744
v 1.40276871248919344 -0.08345454754804704 0.62430781636987744
v 1.40276871248919344 -0.08345454754804704 0.62430781636987744
v 1.41397242304927536 1.32673037114363224 -0.7938786631858336
v 1.41397242304927536 1.32673037114363224 -0.7938786631858336
v 1.41397242304927536 1.32673037114363224 -0.7938786631858336
v -0.13377959416917262 -0.98518980927388304 -0.28447855505858132
v -0.13377959416917262 -0.98518980927388304 -0.28447855505858132
v -0.13377959416917262 -0.98518980927388304 -0.28447855505858132
v -0.12257588360909066 0.42499510941779616 -1.7026650346142924
v -0.12257588360909066 0.42499510941779616 -1.7026650346142924
v -0.12257588360909066 0.42499510941779616 -1.7026650346142924
# 24 vertices

vn -0.64009642236596152 0.54732347870330992 0.53917861579851632
vn -0.00560186726684297 -0.70509245629896512 0.70909325702154072
vn 0.76827416275534176 0.450867649904492 0.4543931921939184
vn -0.64009642236596152 0.54732347870330992 0.53917861579851632
vn 0.76827416275534176 0.450867649904492 0.4543931921939184
vn 0.00560186726684297 0.70509245629896512 -0.70909325702154072
vn -0.64009642236596152 0.54732347870330992 0.53917861579851632
vn -0.00560186726684297 -0.70509245629896512 0.70909325702154072
vn -0.76827416275534176 -0.450867649904492 -0.4543931921939184
vn -0.64009642236596152 0.54732347870330992 0.53917861579851632
vn -0.76827416275534176 -0.450867649904492 -0.4543931921939184
vn 0.00560186726684297 0.70509245629896512 -0.70909325702154072
vn -0.00560186726684297 -0.70509245629896512 0.70909325702154072
vn 0.76827416275534176 0.450867649904492 0.4543931921939184
vn 0.64009642236596152 -0.54732347870330992 -0.53917861579851632
vn 0.76827416275534176 0.450867649904492 0.4543931921939184
vn 0.00560186726684297 0.70509245629896512 -0.70909325702154072
vn 0.64009642236596152 -0.54732347870330992 -0.53917861579851632
vn -0.00560186726684297 -0.70509245629896512 0.70909325702154072
vn -0.76827416275534176 -0.450867649904492 -0.4543931921939184
vn 0.64009642236596152 -0.54732347870330992 -0.53917861579851632
vn -0.76827416275534176 -0.450867649904492 -0.4543931921939184
vn 0.00560186726684297 0.70509245629896512 -0.70909325702154072
vn 0.64009642236596152 -0.54732347870330992 -0.53917861579851632
# 24 vertex normals

vt 0.375 1 0
vt 0.125 0.25 0
vt 0.375 0 0
vt 0.625 1 0
vt 0.625 0 0
vt 0.875 0.25 0
vt 0.375 0.75 0
vt 0.125 0.5 0
vt 0.375 0.75 0
vt 0.625 0.75 0
vt 0.625 0.75 0
vt 0.875 0.5 0
vt 0.375 0.25 0
vt 0.375 0.25 0
vt 0.375 0.25 0
vt 0.625 0.25 0
vt 0.625 0.25 0
vt 0.625 0.25 0
vt 0.375 0.5 0
vt 0.375 0.5 0
vt 0.375 0.5 0
vt 0.625 0.5 0
vt 0.625 0.5 0
vt 0.625 0.5 0
# 24 texture coords

f 1/1/1 4/4/4 10/10/10
f 1/1/1 10/10/10 7/7/7
f 9/9/9 11/11/11 22/22/22
f 9/9/9 22/22/22 20/20/20
f 21/21/21 24/24/24 18/18/18
f 21/21/21 18/18/18 15/15/15
f 14/14/14 16/16/16 5/5/5
f 14/14/14 5/5/5 3/3/3
f 8/8/8 19/19/19 13/13/13
f 8/8/8 13/13/13 2/2/2
f 23/23/23 12/12/12 6/6/6
f 23/23/23 6/6/6 17/17/17
#12 polygons


